| 0 >:  1.00000000 + 0.00000000 j (Teleported State)
| 1, 4, 0, 0, 0, 0, 0 >:  0.13608276 - 0.00000000 j
| 1, 3, 0, 1, 0, 0, 0 >:  0.13608276 - 0.00000000 j
| 1, 2, 1, 0, 1, 0, 0 >:  0.16666667 + 0.00000000 j
| 1, 1, 0, 3, 0, 0, 0 >: -0.13608276 + 0.00000000 j
| 1, 2, 0, 0, 1, 0, 1 >:  0.16666667 - 0.00000000 j
| 1, 1, 3, 0, 0, 0, 0 >:  0.06804138 - 0.00000000 j
| 1, 0, 3, 1, 0, 0, 0 >: -0.06804138 + 0.00000000 j
| 1, 1, 2, 0, 0, 0, 1 >:  0.11785113 - 0.00000000 j
| 1, 0, 2, 1, 0, 0, 1 >: -0.11785113 + 0.00000000 j
| 1, 0, 1, 2, 1, 0, 0 >: -0.16666667 - 0.00000000 j
| 1, 1, 1, 0, 0, 0, 2 >:  0.11785113 - 0.00000000 j
| 1, 0, 1, 1, 0, 0, 2 >: -0.11785113 + 0.00000000 j
| 1, 0, 0, 4, 0, 0, 0 >: -0.13608276 + 0.00000000 j
| 1, 0, 0, 2, 1, 0, 1 >: -0.16666667 + 0.00000000 j
| 1, 1, 0, 0, 3, 0, 0 >: -0.19245009 - 0.00000000 j
| 1, 0, 0, 1, 3, 0, 0 >:  0.19245009 + 0.00000000 j
| 1, 1, 0, 0, 0, 0, 3 >:  0.06804138 - 0.00000000 j
| 1, 0, 0, 1, 0, 0, 3 >: -0.06804138 + 0.00000000 j
| 0, 4, 1, 0, 0, 0, 0 >:  0.09622504 - 0.00000000 j
| 0, 3, 1, 1, 0, 0, 0 >:  0.09622504 - 0.00000000 j
| 0, 2, 2, 0, 1, 0, 0 >:  0.16666667 - 0.00000000 j
| 0, 1, 1, 3, 0, 0, 0 >: -0.09622504 + 0.00000000 j
| 0, 1, 4, 0, 0, 0, 0 >:  0.09622504 - 0.00000000 j
| 0, 0, 4, 1, 0, 0, 0 >: -0.09622504 + 0.00000000 j
| 0, 1, 3, 0, 0, 0, 1 >:  0.09622504 - 0.00000000 j
| 0, 0, 3, 1, 0, 0, 1 >: -0.09622504 + 0.00000000 j
| 0, 0, 2, 2, 1, 0, 0 >: -0.16666667 + 0.00000000 j
| 0, 0, 1, 4, 0, 0, 0 >: -0.09622504 + 0.00000000 j
| 0, 1, 1, 0, 3, 0, 0 >: -0.13608276 - 0.00000000 j
| 0, 0, 1, 1, 3, 0, 0 >:  0.13608276 + 0.00000000 j
| 0, 1, 1, 0, 0, 0, 3 >: -0.09622504 + 0.00000000 j
| 0, 0, 1, 1, 0, 0, 3 >:  0.09622504 - 0.00000000 j
| 0, 4, 0, 0, 0, 1, 0 >:  0.13608276 - 0.00000000 j
| 0, 3, 0, 1, 0, 1, 0 >:  0.13608276 - 0.00000000 j
| 0, 2, 1, 0, 1, 1, 0 >:  0.16666667 + 0.00000000 j
| 0, 1, 0, 3, 0, 1, 0 >: -0.13608276 + 0.00000000 j
| 0, 2, 0, 0, 1, 1, 1 >:  0.16666667 + 0.00000000 j
| 0, 1, 3, 0, 0, 1, 0 >:  0.06804138 - 0.00000000 j
| 0, 0, 3, 1, 0, 1, 0 >: -0.06804138 + 0.00000000 j
| 0, 1, 2, 0, 0, 1, 1 >:  0.11785113 - 0.00000000 j
| 0, 0, 2, 1, 0, 1, 1 >: -0.11785113 + 0.00000000 j
| 0, 0, 1, 2, 1, 1, 0 >: -0.16666667 - 0.00000000 j
| 0, 1, 1, 0, 0, 1, 2 >:  0.11785113 - 0.00000000 j
| 0, 0, 1, 1, 0, 1, 2 >: -0.11785113 + 0.00000000 j
| 0, 0, 0, 4, 0, 1, 0 >: -0.13608276 + 0.00000000 j
| 0, 0, 0, 2, 1, 1, 1 >: -0.16666667 - 0.00000000 j
| 0, 1, 0, 0, 3, 1, 0 >: -0.19245009 - 0.00000000 j
| 0, 0, 0, 1, 3, 1, 0 >:  0.19245009 + 0.00000000 j
| 0, 1, 0, 0, 0, 1, 3 >:  0.06804138 - 0.00000000 j
| 0, 0, 0, 1, 0, 1, 3 >: -0.06804138 + 0.00000000 j
| 0, 4, 0, 0, 0, 0, 1 >: -0.09622504 + 0.00000000 j
| 0, 3, 0, 1, 0, 0, 1 >: -0.09622504 + 0.00000000 j
| 0, 1, 0, 3, 0, 0, 1 >:  0.09622504 - 0.00000000 j
| 0, 2, 0, 0, 1, 0, 2 >: -0.16666667 + 0.00000000 j
| 0, 0, 0, 4, 0, 0, 1 >:  0.09622504 - 0.00000000 j
| 0, 0, 0, 2, 1, 0, 2 >:  0.16666667 + 0.00000000 j
| 0, 1, 0, 0, 3, 0, 1 >:  0.13608276 + 0.00000000 j
| 0, 0, 0, 1, 3, 0, 1 >: -0.13608276 - 0.00000000 j
| 0, 1, 0, 0, 0, 0, 4 >: -0.09622504 + 0.00000000 j
| 0, 0, 0, 1, 0, 0, 4 >:  0.09622504 - 0.00000000 j